1.251794
0.513051
-0.567635
-1.073348
0.789893
-1.428425
-1.651474
1.971379
0.916920
0.874796
0.787823
0.305610
-1.161251
-0.213777
-0.000622
-0.109770
-2.031546
-0.606464
-0.706302
-0.013706
2.167913
-1.036549
-1.336023
-1.300570
0.794732
1.132621
0.200464
-0.175254
-0.599868
0.529810
0.849292
-0.577473
1.076253
-2.167087
-1.798707
0.444117
1.316915
-0.091257
0.523429
0.016612
-1.371196
-1.267192
1.299794
-1.052548
0.911256
-1.490638
0.774714
0.461744
0.433008
-0.281368
0.937768
3.463142
1.098929
-1.575537
-1.140536
-2.051575
-0.032087
-0.140278
-0.981778
-1.072824
0.751413
-1.598426
-0.267188
-1.374303
-0.604048
0.183017
-0.585514
0.714267
-1.931735
0.104003
-1.180190
0.223216
-1.939705
0.374016
-0.223610
-1.204364
0.377535
-1.071772
-0.296459
0.436113
0.206278
-0.108917
-0.157657
-0.889737
1.258513
0.480832
1.065751
-0.652338
-0.868469
-0.609016
-0.872624
1.139525
-0.603969
0.307959
0.266399
0.763722
-0.301247
1.215335
0.859272
-0.483757
1.426389
0.275054
-0.455075
-0.725507
-0.938885
0.188066
-1.489543
-2.271553
-1.142632
0.316045
0.349009
-0.401244
-0.031545
1.885982
1.040644
0.150364
-1.141770
0.268837
-0.774995
1.064266
0.670450
0.569808
0.801604
-0.820114
-1.146009
-0.545097
0.900458
0.334494
-0.482412
1.212064
-1.082452
0.102417
-0.223856
-1.405369
-0.368919
-0.113036
0.715075
-0.344553
-0.332108
1.108707
0.466038
-2.011261
-0.746679
1.664927
0.711441
-0.460079
0.649213
-0.762483
-0.045658
0.462670
-0.213601
0.570182
0.480981
-0.552639
-0.726588
0.244407
-0.105412
-0.026781
1.105531
-0.126984
-0.328458
-0.800427
1.168752
0.901246
0.150422
-0.732983
-0.486100
-0.693780
-0.113543
1.265945
0.463228
0.337720
-0.545407
0.228486
1.147283
-0.506008
0.758397
0.936741
-1.533523
-1.552562
-0.126963
-0.365800
0.539082
0.507182
-0.213711
0.493821
-0.679304
-0.831367
0.302150
0.367261
-0.013234
-0.227531
-0.585089
-0.042586
2.028459
-2.289041
0.175237
0.720265
0.514001
1.159575
1.175992
1.367810
0.609489
-1.153272
0.112621
0.080090
2.235444
-0.356329
0.300369
0.210703
0.430906
0.178916
-0.108582
-0.364682
0.944209
0.155698
0.539521
0.589619
0.120595
0.805228
1.439007
1.236471
-0.250614
-0.717212
0.102132
1.228892
-0.476382
0.529947
-0.463544
1.601068
1.233181
0.659449
1.438799
0.571030
-0.838645
0.607968
0.633459
-2.561258
-0.971543
-1.010376
-1.835217
0.428148
1.997731
-0.581294
-0.851444
-0.483796
-0.135341
0.163381
0.268644
-1.037888
-1.415728
-0.416179
0.266275
-0.346332
-0.632665
1.032650
-0.553206
1.501490
0.588954
0.117046
-0.369581
-2.308752
-0.239227
-0.169847
-1.250165
1.002962
0.512903
1.233512
0.055915
-0.191538
-0.055641
0.052224
-0.864226
-0.765052
0.989699
-0.500942
0.118105
0.163303
0.184576
-1.138610
-0.309133
0.093149
-1.120723
0.178513
-1.267203
-0.732704
-0.485931
-0.691012
-0.181133
-0.854115
0.086505
-0.844594
0.389948
-1.673386
0.445979
-0.783439
-0.656067
-0.022977
0.119982
0.248008
2.041639
-0.059276
0.927978
-1.453363
-0.571073
0.212387
-0.804964
-0.055125
1.520055
-0.456250
0.150549
1.292761
-0.261873
1.213908
0.496749
0.694017
0.565304
-0.831738
-0.333020
0.730312
0.830101
-1.033259
1.048014
-0.984681
0.202997
0.528767
-0.048269
-0.707122
-0.250557
0.585474
-0.394602
0.462805
-2.000539
0.562510
-2.232838
-0.368618
-0.921895
0.293318
-0.180759
-0.500677
0.396281
-1.038063
-0.643637
1.091058
1.043593
0.861637
-0.801115
-0.960332
-0.427817
-0.270862
-1.124446
-1.558468
0.804801
1.400773
-0.362436
-2.408579
0.390415
-1.043730
-1.232381
-1.143201
-0.885028
2.628551
1.590627
-0.572035
-0.676642
1.330703
-1.156817
-0.980132
0.422850
-0.475834
0.020443
0.467467
0.666620
0.704277
-0.666095
-0.744690
-1.317223
-0.472798
-0.224286
-0.524666
0.166221
0.150081
0.217135
-0.740843
-0.927038
-0.876749
1.609459
-0.072791
1.321233
-0.817577
-0.857300
-0.955765
0.458777
1.273613
0.417324
-1.631572
0.797049
-1.123829
-0.608060
-1.567717
0.470692
-0.821241
-0.571692
-1.013521
1.524544
-0.885831
0.930440
-0.558406
-0.469862
0.327483
-1.024937
1.486433
-0.031039
-1.021047
-0.523471
-1.280439
-1.252578
-0.478404
-0.637070
1.035093
-0.520559
0.336083
-0.871454
-0.337391
-0.212602
-0.055670
-1.366780
-1.187054
2.251806
-0.341611
0.869900
-0.731198
-0.386798
1.696740
-1.201898
1.002119
0.168565
-0.192447
-0.219707
-1.582044
-0.415481
0.974532
0.658470
-0.040813
-0.939402
-0.110524
0.606997
-0.181879
0.300669
1.197749
-0.901467
0.948110
0.179012
1.057652
-1.280532
1.731630
-0.167067
-1.711259
0.484291
-1.039394
-1.668898
1.342005
1.482241
0.411751
-1.295005
0.622016
0.429870
-0.296380
1.398181
0.359535
0.251616
0.217755
0.336050
0.363885
0.153304
1.503714
-1.587472
-0.431742
0.024942
1.300026
-0.955249
0.333617
-0.372075
-0.219260
-0.201284
0.273636
0.189392
-0.704213
0.820750
-0.242567
-0.690954
1.402952
-0.343258
1.813528
0.451074
0.648663
0.092639
-0.838321
-0.555682
-0.198968
0.854678
-1.043973
-0.646303
-0.219604
-0.652462
-2.731010
0.551746
0.307689
0.471829
1.291339
-1.197799
0.350610
-0.276655
0.931763
0.412369
-1.392971
0.605462
-1.157054
0.426342
-1.415013
-1.161506
0.862148
0.624330
0.427347
0.895702
-1.155483
0.506015
0.356821
0.676584
0.563477
1.450242
-1.075419
0.189040
-0.465246
-1.621398
1.015268
-0.670893
-0.211587
-0.201425
-0.528678
0.717862
-0.008320
1.385794
1.349307
-0.731577
0.773183
0.949833
0.614250
-1.626075
0.201763
-0.794429
0.035095
-0.371857
1.051949
-0.329548
-0.979020
1.308138
-0.606494
-2.582290
0.838929
0.809516
-1.693366
0.930120
-1.179283
0.646852
1.749830
-2.477228
1.649303
0.170278
0.309995
0.918504
-1.395259
1.109150
0.291304
0.388458
0.950789
0.235844
1.106025
0.423076
1.021311
-1.328163
-1.652176
-2.601486
-0.357901
0.360420
0.374236
2.580298
1.199449
1.885166
-1.913002
-0.799627
0.092406
0.918037
-0.152787
0.673895
1.172411
0.469871
-0.252740
1.212887
0.039937
-0.729361
0.921164
-0.581430
1.101842
1.230300
0.011014
0.536872
0.297627
0.594120
-0.149938
1.322021
-0.559810
-0.819041
1.423300
1.921447
-0.644901
-0.196622
-0.315114
0.186462
0.299205
-0.327723
-0.650910
0.407734
-1.543181
-0.630644
-0.562176
-1.087978
0.714863
-0.655414
0.579612
-0.347752
1.459808
-1.471455
-0.549707
0.565206
0.006649
0.004375
1.459605
-0.612660
0.614765
0.578244
-0.389338
-0.039951
-0.886765
-0.614293
0.156926
-0.465064
-0.274732
2.447375
-0.977105
0.692918
-1.230570
-0.755125
1.058153
-0.568756
0.018716
0.280621
0.354748
-0.390491
-0.335388
0.471820
-0.007707
-0.141891
-0.152236
0.132675
-0.688977
0.495133
2.432250
0.810879
-1.197840
-0.112032
-1.189546
0.308144
-1.406176
1.234008
-0.311351
0.003954
1.571173
1.701800
-0.815335
-0.399333
0.972186
1.020332
-1.293720
-0.519967
-0.145713
0.643290
-0.469950
0.146070
-2.325219
0.296070
-2.075216
-0.550534
1.200254
0.045828
0.936178
1.512522
0.999595
0.063197
-1.333414
1.754166
-0.788458
0.137438
0.828043
0.904653
0.001892
-1.626047
0.283120
1.475695
0.593346
1.089548
0.758764
-1.346385
0.035451
0.332974
1.147951
-0.647120
-0.367241
1.644097
-0.036825
-0.097294
-0.557334
0.017098
0.780321
-0.657224
-0.389722
0.825729
-0.363040
-0.155406
1.310853
1.949519
2.267568
-0.569859
-0.630681
-0.627681
-0.610033
0.339814
1.536308
0.941388
-0.074235
-0.755258
1.726009
0.218933
1.809952
-0.178899
-0.206569
-0.274632
1.585924
-3.221585
1.520203
-0.320362
0.609352
-0.360272
-1.647101
0.766361
1.987332
-0.246480
0.857237
0.247746
0.570258
0.495045
0.007655
0.772201
-0.837609
2.558979
-2.014769
-0.554950
2.317664
-1.055187
0.622626
0.166420
-0.166074
0.157705
0.766384
0.451765
-1.756338
-0.152941
2.504371
1.348914
-0.838246
0.489376
0.135051
1.721488
-0.041177
0.672396
1.111679
0.569073
0.423716
-0.111326
-0.120658
0.483756
-0.670504
0.532102
-1.859153
0.405892
-1.518707
-0.378003
0.094292
1.570352
0.362254
-0.986257
-0.802146
0.529605
2.586371
0.536027
0.455673
1.178410
-1.927524
0.905791
0.546284
-0.588959
0.978975
-0.397607
1.749164
0.223958
-1.537117
-0.086125
-1.286467
0.768893
0.436810
-0.312398
1.540547
1.538070
0.522870
-0.371785
1.483538
-0.806848
-0.059762
0.615688
-0.975326
1.187685
1.240116
-0.766092
-1.157113
1.139916
-1.488444
0.048308
0.074272
-0.639248
-0.721448
-0.118396
1.287849
3.030750
0.651286
-0.923257
-0.601063
0.584080
1.196605
0.065845
-0.332553
1.973332
-0.652041
0.661974
0.984391
0.125101
-0.023432
-0.044424
-1.203806
0.827100
0.824139
-0.408190
0.178350
1.141787
0.566581
-0.415668
-1.043748
-1.219716
-1.346288
-1.136398
-0.811634
2.336789
-1.488789
0.806507
-0.821098
0.541368
0.123530
-0.720849
0.580549
1.209228
0.508268
-0.290721
-1.460559
-1.107695
-1.148097
0.100699
-0.398842
1.548029
0.620195
0.341556
-0.218733
-0.911200
-0.401768
0.073977
-0.421278
1.230336
1.692878
-0.030467
1.017443
-0.012856
0.370042
0.263815
0.340077
-0.329084
0.966775
0.157660
-0.475856
-0.076630
0.111062
0.455295
-0.153688
1.889098
-0.755060
-0.931413
-0.316924
-0.860057
0.053184
-1.792479
0.824532
1.134257
0.689343
0.107847
1.643787
0.208505
-1.264301
-0.616458
0.545418
-0.276911
0.387855
0.572564
0.244481
0.145162
1.846531
-0.441767
0.375026
-0.229354
1.633772
0.035807
-0.551739
0.137837
1.632076
1.295057
0.527005
0.654210
-1.464856
0.446678
1.839092
0.449500
-3.008432
-0.479063
0.443005
0.070992
-0.581607
1.281798
-2.044158
-0.130011
-1.226289
-1.391194
-2.062739
0.972307
0.002975
-1.106904
1.241541
-0.009292
-0.736727
0.982252
1.050021
1.346595
-0.249368
0.921643
-0.422152
-0.501802
-0.888654
0.247331
0.738657
0.732569
-1.335318
-0.372363
0.182251
-1.024279
0.311786
-1.649714
-0.202473
0.454316
1.368504
0.571576
-0.199666
-0.316643
-0.140298
2.417992
1.263656
-1.309269
0.244596
-0.703123
0.070208
0.682497
-0.799044
-0.871461
-0.592411
1.817681
-1.895023
