46 88 77 16
31 79 96 3
19 100 96 42
66 28 1 41

60 65 10 17
80 93 47 15
83 29 33 30
59 62 82 22

78 28 7 86
43 1 76 45
91 78 16 59
39 66 18 42

40 22 34 75
77 67 17 0
94 43 88 72
91 12 27 81

57 9 68 41
40 78 14 11
69 53 37 44
36 72 72 100

83 73 47 73
40 19 19 0
55 7 66 78
52 57 59 35

48 100 92 18
87 78 86 78
16 52 70 43
52 38 8 88

0 71 66 73
25 46 93 23
16 78 3 42
23 36 6 54

18 61 53 70
68 99 78 66
43 35 10 62
99 89 36 29

80 55 8 66
100 8 22 8
71 59 7 97
29 87 31 52

77 80 90 45
57 64 57 52
64 61 67 42
89 38 71 14

81 38 23 0
10 49 64 21
10 97 56 45
79 84 65 36

35 28 45 4
69 42 11 18
97 32 3 11
74 9 17 43

46 92 76 31
97 37 0 53
75 79 65 37
6 92 66 24

3 54 12 60
10 90 59 87
82 4 2 9
18 93 54 81

72 85 7 55
97 73 34 3
12 28 39 22
59 73 81 31

41 72 0 42
84 65 55 69
5 12 88 52
86 27 38 9

1 12 60 11
43 17 9 62
53 25 64 22
94 74 96 34

18 29 47 61
54 37 53 31
27 66 99 13
73 49 86 47

6 84 12 70
16 47 64 42
59 4 75 81
67 62 44 94

75 6 96 99
96 56 1 80
5 35 0 30
94 85 86 48

84 63 54 94
53 20 65 93
68 49 44 75
49 65 28 32

68 60 7 26
16 74 67 58
3 14 52 70
55 65 40 67

10 53 19 5
42 48 12 43
29 24 1 0
19 60 34 2

79 15 28 74
50 52 32 24
79 69 42 57
58 82 28 57

50 79 19 83
40 34 7 61
81 95 29 22
59 91 16 25

13 87 17 53
52 79 1 25
26 84 10 9
52 24 38 50

61 98 71 56
78 48 60 29
48 80 72 9
55 52 46 82

44 91 5 51
56 0 48 18
12 1 0 99
9 22 76 94

17 69 94 21
31 51 8 38
37 4 93 68
36 11 98 42

9 88 9 51
30 58 19 99
59 69 63 92
55 42 26 20

69 6 82 64
24 68 41 14
19 24 21 89
5 39 56 96

81 56 43 29
1 57 23 36
89 84 91 72
41 21 99 38

4 87 88 44
94 63 92 44
36 65 6 29
81 15 50 9

17 73 41 76
27 50 73 29
25 9 31 74
24 41 37 100

36 53 47 59
100 63 0 76
78 56 61 59
43 4 77 99

42 41 56 71
9 54 81 29
10 18 51 33
20 1 7 73

11 47 21 51
63 4 95 93
54 62 13 26
96 17 98 77

99 65 54 89
36 100 36 49
70 36 97 19
38 82 33 93

61 17 50 99
39 50 10 91
58 13 53 100
38 2 66 87

15 67 71 5
11 32 28 28
80 41 79 40
16 42 74 73

67 63 63 87
10 31 16 10
47 36 48 10
86 98 3 42

84 85 16 52
37 93 93 67
67 42 4 5
23 55 10 35

27 69 48 16
16 97 63 46
98 77 84 59
93 0 24 58

80 84 28 28
34 6 31 67
52 88 51 22
7 33 14 95

26 79 65 39
91 32 51 26
79 46 4 56
46 29 4 39

33 77 10 35
94 33 71 10
85 94 14 14
44 87 63 83

82 17 41 2
16 88 3 81
97 67 85 80
4 99 7 36

3 2 38 46
47 60 31 29
42 79 68 38
92 91 18 32

36 49 40 20
3 19 6 17
9 36 18 45
6 85 42 80

33 2 22 57
90 72 98 88
78 44 2 9
60 80 29 12

95 54 100 97
46 10 97 79
25 65 45 25
49 83 90 34

69 79 85 84
7 61 95 69
5 17 35 89
15 80 49 46

82 77 8 35
97 2 5 90
11 92 25 86
74 70 24 5

11 63 17 43
77 23 63 80
21 68 7 88
54 19 19 63

80 57 54 100
24 26 54 32
42 17 21 88
15 63 43 42

46 48 89 14
80 100 56 5
100 85 40 42
86 94 34 33

87 20 80 87
99 37 26 25
29 63 94 30
51 72 69 99

39 61 54 78
34 33 81 93
66 48 84 45
12 47 30 72

15 15 79 38
90 16 24 14
80 56 8 75
57 26 81 2

79 98 4 57
2 21 49 63
15 20 54 55
88 49 53 93

7 30 20 78
81 42 15 60
54 16 80 6
5 48 32 60

37 85 57 9
74 11 62 1
53 74 11 77
21 23 53 6

83 9 78 58
78 3 97 42
64 81 98 18
14 35 70 31

16 16 73 34
38 1 53 61
7 2 45 19
51 37 18 9

17 43 34 69
63 32 29 2
5 98 36 52
44 19 72 63

88 25 73 97
99 5 16 66
85 93 52 0
88 90 65 17

18 46 19 24
28 29 92 60
66 29 100 18
77 34 76 16

47 72 9 82
8 11 5 98
0 91 0 19
96 14 62 95

30 79 89 42
11 61 82 0
17 23 64 71
89 58 68 27

82 39 23 60
98 4 3 78
25 66 15 30
9 13 23 98

13 17 6 45
65 13 45 63
25 52 61 50
67 88 27 10

81 67 3 25
47 48 24 88
58 53 20 29
7 89 90 41

9 82 38 69
23 5 4 98
83 30 62 85
98 82 15 70

46 62 98 78
66 1 76 28
77 77 44 82
59 8 20 28

92 72 90 72
20 88 94 32
73 93 78 2
23 30 40 75

62 70 3 62
87 92 21 3
78 41 47 79
27 27 58 85

44 97 32 0
2 53 100 86
15 19 57 98
93 1 49 72

43 29 44 55
55 27 3 43
92 11 69 22
67 42 40 15

47 52 10 17
88 81 40 22
9 98 66 16
97 76 39 2

37 64 10 14
74 41 3 32
57 94 83 68
88 7 67 47

42 10 25 7
98 84 74 95
63 76 4 41
31 58 77 38

71 92 34 35
9 26 72 34
44 42 51 41
47 2 0 98

45 84 55 17
90 7 83 37
9 12 21 83
6 79 8 26

16 66 60 23
58 1 95 31
2 5 94 97
93 94 18 71

53 52 2 85
63 9 85 43
1 34 51 29
72 22 97 27

90 24 3 63
95 27 41 37
33 76 40 45
97 58 97 31

6 23 23 21
23 39 75 72
30 82 3 87
24 1 95 1

14 38 75 80
83 100 93 82
66 1 1 8
48 31 46 43

39 38 84 100
95 52 31 40
30 52 66 1
0 40 21 58

3 27 71 0
80 46 45 72
47 32 27 50
77 78 9 51

37 60 49 90
93 25 39 5
26 10 99 97
91 25 83 97

48 38 85 92
50 30 44 33
70 40 42 96
8 95 56 16

39 28 24 98
99 50 13 88
5 24 83 15
7 7 99 72

37 54 50 9
6 26 77 55
28 37 82 62
28 22 55 14

74 7 62 38
13 72 53 66
38 70 36 37
18 43 99 61

97 86 84 50
96 64 34 43
52 57 26 60
85 42 22 76

70 62 93 6
52 12 6 52
66 9 37 10
46 27 64 25

32 64 57 30
2 13 60 83
83 12 34 3
47 23 87 75

28 1 73 65
96 21 53 18
65 33 48 99
95 38 75 33

54 35 74 80
57 30 55 96
22 24 69 15
62 55 43 61

68 83 9 93
8 65 48 7
63 52 51 27
75 70 91 83

28 38 3 44
46 11 10 66
17 0 78 11
88 20 32 21

0 47 98 2
58 17 88 78
1 21 49 40
62 38 50 84

78 58 72 81
87 42 74 95
98 42 71 20
24 62 56 77

64 62 76 89
60 26 1 65
60 62 96 9
3 57 91 80

61 93 18 22
8 81 53 34
81 54 2 14
7 54 11 16

100 39 56 34
30 13 30 40
85 15 25 67
52 13 2 21

96 80 4 35
50 32 27 66
10 3 62 73
74 27 58 86

55 70 2 99
21 43 91 77
64 63 64 86
97 57 49 51

92 65 83 46
12 60 59 100
41 17 98 55
60 50 59 5

51 96 76 13
79 13 72 95
71 47 78 63
31 83 21 24

30 59 52 64
25 25 89 47
61 27 79 85
46 77 57 33

13 66 54 44
38 55 94 56
40 96 0 39
11 98 98 28

86 86 36 58
79 31 88 24
27 45 77 9
96 71 51 30

48 71 31 49
61 51 66 89
48 10 22 25
96 100 43 49

67 74 60 33
12 13 89 44
52 83 50 10
78 90 25 84

88 48 48 48
59 32 75 72
53 87 84 4
24 35 3 87

58 35 4 6
100 75 4 39
60 67 63 76
74 90 13 14

21 89 84 23
67 0 97 87
41 46 42 23
48 85 24 81

59 50 7 22
20 47 15 65
78 72 86 72
10 31 76 76

28 36 59 79
83 98 85 72
30 73 7 88
79 72 97 82

76 22 96 61
74 38 68 26
33 56 30 44
99 33 58 68

90 12 20 72
73 24 49 83
23 47 89 59
34 70 55 19

80 84 6 64
39 20 45 36
90 51 90 30
16 45 1 46

28 9 75 3
90 100 43 25
64 29 59 62
44 89 46 24

24 96 31 39
32 74 64 94
45 53 29 72
40 14 49 40

95 26 47 97
49 5 40 43
18 59 18 68
32 0 39 8

34 3 20 17
82 75 88 83
74 98 90 21
11 65 16 73

30 66 36 64
17 23 72 12
33 83 73 68
72 5 66 88

96 57 28 80
13 48 72 61
48 20 87 18
12 14 8 94

52 31 71 84
47 14 56 90
76 61 52 26
13 67 25 29

21 64 30 73
28 50 41 8
48 18 89 21
34 57 47 33

77 50 75 89
99 92 70 4
69 26 23 64
15 40 22 68

83 12 63 6
15 80 99 40
38 75 64 29
57 38 62 4

42 99 92 8
100 63 47 88
53 4 23 16
20 88 90 63

60 75 17 84
2 79 41 1
79 46 96 14
59 84 85 48

73 82 32 70
79 14 83 82
88 87 73 3
62 57 80 72

5 3 15 47
90 50 22 27
63 73 60 50
37 47 76 90

85 50 41 74
11 72 2 14
10 63 66 30
35 27 83 58

23 61 39 71
56 47 96 83
35 27 80 84
27 74 1 73

2 19 19 0
85 29 56 75
13 79 8 85
91 15 36 16

65 16 2 22
2 96 16 94
47 6 95 55
89 60 53 29

24 30 9 30
64 94 95 48
56 97 11 35
59 80 66 28

27 58 38 13
42 38 93 60
31 53 19 8
4 35 82 38

51 25 38 64
94 66 43 62
50 92 12 75
91 11 79 88

1 92 10 46
10 25 56 80
91 29 41 12
47 50 9 77

11 99 61 82
15 61 44 86
88 41 10 80
42 9 12 67

9 9 81 55
92 70 15 37
95 49 13 1
23 71 67 65

56 81 12 52
42 34 11 99
52 64 61 85
48 21 58 88

36 92 52 78
94 37 86 5
79 97 86 47
54 96 98 73

78 55 33 29
81 87 44 62
29 61 3 95
8 82 21 74

95 38 0 83
37 49 27 21
40 52 80 17
9 22 22 73

100 9 79 60
25 84 73 54
61 16 7 36
11 50 76 83

20 41 11 32
86 36 71 16
35 33 25 12
45 48 48 68

25 41 22 26
17 56 79 70
36 54 87 51
88 71 35 65

54 79 73 59
65 6 35 92
14 60 62 55
74 88 1 62

66 65 6 5
54 15 82 51
81 82 34 44
78 95 33 64

78 7 55 13
9 64 91 27
24 47 8 27
39 4 19 3

94 5 19 91
49 23 32 58
85 81 21 8
21 30 88 55

10 86 81 12
44 51 80 23
84 14 98 85
57 26 93 43

27 55 40 12
73 17 85 34
1 48 67 76
12 14 51 91

95 38 16 76
49 33 51 3
43 62 68 63
29 75 64 67

15 14 98 21
23 29 62 89
12 8 73 90
32 14 48 1

29 85 29 55
94 81 33 33
32 2 12 77
70 92 44 62

54 49 36 63
2 97 91 84
2 24 80 93
9 64 0 97

81 34 14 57
50 58 98 38
76 88 3 71
62 29 28 50

76 27 97 40
69 71 77 86
18 0 67 39
12 24 47 78

7 49 51 84
68 7 43 55
33 67 47 68
22 13 48 22

79 43 97 47
97 13 96 68
55 11 6 87
5 17 86 18

93 6 14 15
75 2 94 79
16 40 86 44
45 51 77 68

66 72 55 80
64 85 87 35
78 45 36 71
22 74 35 81

52 90 24 23
77 91 19 19
0 10 52 38
10 56 57 83

5 26 32 5
20 40 39 19
77 66 86 39
95 100 29 33

0 100 33 54
95 25 29 34
38 28 13 37
62 86 11 96

82 1 27 45
20 13 25 95
54 13 55 50
54 85 99 92

36 9 61 18
42 22 78 80
68 85 26 12
19 25 18 66

92 43 23 46
43 10 89 89
20 13 12 69
70 60 13 63

62 26 99 8
5 35 27 28
70 10 57 4
18 74 63 56

97 45 100 85
9 77 41 78
66 29 40 23
78 80 80 35

38 1 6 35
23 53 49 42
50 70 15 23
42 92 10 61

62 28 81 47
43 83 38 44
32 15 97 6
6 68 89 87

94 49 19 65
10 59 81 86
27 70 41 6
50 79 71 73

24 90 72 4
64 86 5 0
42 44 2 71
86 38 40 20

76 40 97 19
88 4 13 43
26 83 51 56
19 57 32 72

39 69 78 44
87 62 48 26
82 13 100 43
37 1 97 62

77 47 20 67
21 69 59 29
90 19 41 28
12 85 34 99

89 30 88 40
28 55 37 4
18 53 46 34
88 6 18 15

4 23 0 56
47 8 90 54
91 32 83 40
75 47 76 72

94 24 65 82
65 94 16 50
61 42 14 52
47 3 26 48

84 28 32 39
49 27 30 77
99 12 61 60
14 27 31 21

67 11 100 37
73 35 31 27
84 57 70 68
88 57 78 23

77 23 66 59
94 40 25 23
23 63 53 22
77 21 46 76

94 39 77 3
88 60 28 29
47 55 21 45
26 88 61 64

20 93 6 11
84 42 95 17
78 61 86 28
70 59 2 42

62 39 62 91
50 97 6 100
50 48 37 91
28 22 89 28

25 84 98 15
65 16 89 12
57 19 45 96
100 67 4 94

66 46 28 48
69 24 84 48
58 32 47 10
99 23 2 17

25 94 0 12
75 94 58 95
64 2 29 33
26 30 40 80

80 28 15 27
55 50 94 79
38 80 48 81
79 89 98 21

44 17 30 70
78 22 80 7
86 64 39 55
45 88 88 15

9 17 63 0
47 5 74 8
55 0 23 61
99 94 76 16

2 23 27 43
72 26 50 34
53 0 55 61
40 35 96 99

26 87 23 4
42 27 34 55
32 33 94 21
9 73 70 67

22 86 80 99
62 17 48 81
46 67 82 48
8 77 52 16

96 89 93 69
26 61 53 41
54 14 39 40
49 93 22 23

88 94 80 9
100 13 86 11
5 32 52 35
25 83 39 25

21 69 61 15
16 4 39 39
91 9 49 85
42 81 67 31

0 13 93 83
99 58 8 45
26 60 72 21
31 89 58 41

18 85 43 38
41 54 84 62
33 60 15 66
90 24 4 2

18 87 88 90
39 0 66 7
78 92 46 19
34 10 12 69

4 59 44 49
45 10 88 39
68 17 79 2
6 54 8 57

30 0 94 36
47 7 45 34
11 52 89 69
97 89 19 25

19 92 13 64
65 98 42 58
16 22 72 39
46 3 96 13

33 61 3 99
76 53 70 21
7 5 48 65
81 2 30 57

65 87 73 94
61 8 68 72
71 97 17 28
67 26 32 21

42 88 65 91
28 70 94 40
62 53 96 94
80 53 29 31

90 75 100 44
32 57 88 87
26 80 11 95
68 9 66 84

34 28 94 93
34 87 29 93
84 1 50 32
55 45 59 36

39 56 56 80
61 87 8 28
1 50 68 22
26 29 7 54

15 26 62 83
45 30 39 18
30 22 24 63
18 92 58 95

0 25 80 10
25 23 6 90
27 79 45 82
85 10 36 83

23 5 87 58
4 62 69 32
70 1 19 93
54 91 82 66

92 4 75 87
27 92 63 43
65 78 93 29
76 21 66 9

0 34 43 7
54 51 59 67
27 51 6 14
24 51 72 11

65 15 58 57
52 100 49 11
14 74 87 80
99 91 78 9

63 91 73 9
66 80 10 64
29 87 28 52
14 69 82 40

97 88 44 3
94 43 76 45
39 0 62 72
94 64 30 61

67 48 61 4
75 30 1 94
52 91 17 30
40 24 27 60

99 33 54 59
5 34 82 51
80 59 72 25
28 84 8 100

67 30 61 12
40 45 51 80
6 31 57 84
89 19 13 79

67 3 51 97
88 14 34 0
80 30 59 78
85 21 32 97

22 0 22 45
48 48 64 33
98 68 89 3
9 100 78 41

45 50 25 7
78 2 23 69
9 78 83 68
76 24 68 54

77 88 35 76
57 4 29 85
86 82 31 1
7 27 72 41

56 71 82 17
84 70 66 80
70 61 39 47
93 58 79 92

12 55 6 91
64 91 99 91
38 3 10 3
26 25 81 71

93 50 78 48
7 54 47 77
47 91 49 62
45 30 20 51

11 23 53 34
22 93 18 68
42 60 55 77
15 87 84 49

76 94 24 11
40 97 4 13
69 71 46 57
58 69 53 95

58 57 71 86
1 99 91 63
90 50 24 75
15 86 4 89

27 51 76 55
6 57 76 71
33 26 94 93
67 53 5 84

57 7 78 82
38 11 44 35
49 89 84 53
67 3 61 53

100 91 0 85
3 16 100 44
33 89 96 82
41 52 6 53

36 58 50 46
21 37 36 87
56 87 43 60
31 98 55 23

27 5 20 53
27 92 9 72
17 76 51 72
74 75 93 73

69 99 35 1
4 11 43 56
59 39 37 80
43 46 49 80

39 51 32 62
82 84 24 72
75 99 15 49
66 45 16 44

44 72 81 72
17 70 52 12
64 85 78 35
90 97 66 19

2 36 22 64
56 35 85 57
66 59 24 25
95 43 89 78

8 55 56 77
32 23 12 23
1 9 43 42
5 81 21 28

41 19 91 100
4 62 92 0
57 93 28 9
38 5 37 28

1 79 77 39
82 55 79 80
59 61 39 52
85 55 8 75

48 5 58 87
80 17 85 20
84 11 87 9
64 53 36 82

54 74 25 22
46 54 7 86
76 64 86 95
55 45 34 97

35 99 72 61
34 93 31 13
82 67 98 33
71 3 41 11

66 20 62 46
14 23 37 16
74 77 91 82
43 81 24 99

51 37 93 68
22 10 39 24
39 81 36 93
21 1 76 35

78 8 71 70
83 76 95 84
85 37 88 14
57 44 9 93

24 31 39 16
47 43 81 95
81 84 4 24
61 75 79 15

89 18 40 90
31 61 99 21
47 49 27 14
88 80 86 29

93 64 56 77
47 90 54 99
31 47 17 79
75 85 95 18

12 14 71 85
28 0 7 28
69 60 19 52
24 14 81 78

24 58 2 33
48 45 80 98
58 5 84 44
37 17 34 47

86 40 19 4
49 25 87 19
41 1 50 46
23 32 83 45

8 87 37 6
43 13 45 62
74 78 80 38
93 94 92 25

28 52 92 69
35 29 56 39
66 39 45 22
51 56 83 98

75 29 64 80
61 68 79 84
70 93 96 63
53 83 3 85

98 59 67 52
88 38 73 8
67 99 28 20
25 72 72 46

14 70 39 71
84 34 24 24
71 34 30 3
4 99 68 67

90 27 32 96
90 48 34 26
64 64 80 5
53 57 36 86

63 92 76 55
82 39 33 88
20 78 42 8
93 38 48 57

52 47 54 61
59 50 27 16
26 59 93 28
13 73 49 0

88 49 74 67
91 57 9 40
80 11 74 46
99 66 9 6

91 9 12 51
99 72 43 16
86 91 49 89
35 40 88 24

14 74 31 96
88 49 42 33
61 97 67 91
22 93 81 32

12 63 64 76
57 98 77 34
55 17 2 6
36 90 75 83

3 6 25 10
93 94 35 18
48 39 24 65
93 97 72 50

56 8 32 22
48 100 32 69
69 41 17 58
87 24 95 56

10 58 16 54
45 13 97 89
42 86 89 97
59 86 33 5

60 91 77 54
13 69 22 59
48 20 12 33
94 38 79 5

79 5 58 79
100 79 46 92
32 39 15 96
70 94 28 53

41 97 21 32
81 33 21 68
67 17 89 34
8 21 65 27

74 81 86 32
99 100 9 97
71 22 42 8
21 66 21 100

51 44 96 73
17 13 2 65
1 84 84 89
78 2 19 96

38 92 55 47
59 97 24 1
53 3 33 32
4 52 59 45

93 80 96 82
11 29 42 50
84 64 0 0
21 19 70 74

23 40 43 89
17 76 64 46
88 82 75 98
12 17 23 85

19 24 14 58
36 74 20 53
46 26 99 87
31 37 31 11

61 24 83 87
64 57 70 51
35 83 98 24
14 94 21 12

61 48 71 57
65 24 31 78
59 72 59 58
77 3 72 39

82 54 23 8
11 86 6 99
99 62 99 49
4 37 16 90

67 59 25 20
98 56 46 42
31 65 33 90
85 39 12 28

64 7 27 3
59 61 19 56
98 83 74 92
50 8 12 48

75 36 25 83
57 83 93 13
22 26 98 0
59 94 66 55

1 55 49 95
35 32 10 72
83 76 36 32
51 19 96 57

7 12 51 65
58 44 11 40
0 48 44 46
41 80 72 34

75 77 77 38
36 26 14 12
15 47 97 35
23 30 12 80

88 12 45 92
38 87 43 87
17 5 57 33
4 48 17 5

34 96 39 83
72 99 63 68
70 95 87 38
85 76 86 68

85 77 95 86
81 100 54 43
100 78 74 13
67 80 49 27

23 8 71 92
58 4 95 54
79 12 28 50
15 97 78 6

41 36 63 36
61 55 11 44
37 68 76 15
41 26 2 76

31 11 33 21
14 23 34 72
79 88 18 84
24 12 69 91

14 70 7 49
99 91 57 45
67 85 13 95
23 45 27 10

59 17 51 62
15 86 22 16
70 76 54 100
19 78 56 92

45 60 100 28
4 96 36 28
88 32 88 58
21 63 65 65

32 98 26 55
48 45 94 2
65 94 49 9
96 7 0 95

29 20 96 59
40 43 39 3
73 39 38 40
22 9 25 64

93 73 54 89
93 52 52 74
70 6 71 65
89 75 100 94

70 58 77 82
35 34 33 67
4 49 48 52
36 4 45 29

19 50 13 44
64 38 84 36
4 92 94 78
95 37 80 9

26 74 89 38
42 34 98 84
28 34 79 7
57 64 38 71

83 80 52 19
82 93 44 60
64 27 62 86
27 15 44 51

10 59 68 24
2 73 16 99
65 86 55 26
72 79 75 35

66 39 41 29
71 83 48 76
37 23 10 12
63 63 15 53

48 98 45 53
15 4 56 51
37 13 41 57
58 64 26 23

5 41 39 73
96 68 12 17
72 58 82 8
100 26 33 53

81 83 42 24
66 40 23 10
78 8 13 75
42 61 9 15

97 95 18 99
59 65 12 98
43 54 63 5
13 3 90 49

59 35 32 44
60 48 93 5
6 46 76 69
7 23 3 41

20 39 40 69
91 42 60 84
10 20 38 100
35 15 28 20

79 60 28 70
0 64 38 73
15 22 8 28
22 21 53 61

40 75 13 61
99 74 84 98
49 95 20 82
38 93 51 10

23 58 19 42
0 77 96 31
77 84 7 61
11 91 21 77

67 38 36 63
43 100 18 24
14 82 78 9
32 71 97 77

78 56 85 3
84 76 52 0
57 98 32 10
97 90 22 75

8 70 25 32
8 87 47 10
73 27 21 23
90 32 51 21

10 41 51 0
62 45 64 84
31 30 89 62
63 13 70 53

15 25 98 63
80 37 34 6
31 86 94 50
86 5 3 74

21 45 14 47
40 57 77 77
5 90 94 89
95 5 61 68

9 73 30 100
41 52 87 35
54 26 60 99
33 65 74 46

87 47 79 56
60 71 56 28
61 90 87 6
20 95 41 40

33 19 10 44
89 61 55 19
63 4 96 48
57 86 1 51

81 39 10 51
80 22 73 58
18 65 20 45
32 29 68 50

1 24 11 37
43 36 78 17
95 0 76 35
76 88 78 51

6 74 64 80
11 9 92 43
1 7 25 45
93 11 10 25

55 43 17 52
52 85 68 75
75 75 88 59
65 67 50 32

55 78 6 9
38 9 44 5
3 70 69 52
8 0 48 46

98 78 56 17
42 73 10 63
34 28 68 78
28 16 47 40

31 56 37 18
33 42 20 5
25 57 89 65
97 3 69 97

73 77 86 53
30 50 37 41
26 47 77 35
9 88 18 3

45 71 39 32
44 83 43 24
50 14 47 38
73 54 72 46

26 100 62 55
3 96 14 3
18 61 0 20
4 34 71 86

45 33 11 24
15 13 75 23
93 89 4 95
77 5 88 83

51 3 96 23
40 31 96 95
3 25 64 96
74 56 47 15

16 35 77 68
16 57 27 68
82 57 62 44
48 36 27 27

100 35 15 32
79 58 49 98
39 43 60 64
90 32 14 36

37 6 72 65
33 21 99 42
59 78 44 76
58 13 33 88

26 75 31 38
71 20 94 72
47 75 5 20
64 71 45 33

74 34 32 2
67 69 19 18
24 45 5 42
37 32 38 17

37 54 89 61
27 67 56 56
12 59 93 75
14 11 37 59

90 83 45 40
80 94 99 91
59 37 44 89
3 79 8 79

93 9 6 36
8 9 44 80
42 68 59 72
38 90 97 14

100 9 97 8
22 97 47 4
89 95 44 69
27 48 83 39

36 13 83 31
92 64 78 8
29 6 93 83
65 92 85 61

9 66 7 42
95 0 7 39
100 94 13 62
79 89 64 40

38 65 77 10
61 30 47 0
22 52 63 79
82 81 56 75

63 29 9 71
57 6 4 17
25 16 9 6
40 13 30 18

89 9 35 59
43 70 88 24
2 37 98 41
46 37 21 53

51 30 42 8
36 95 26 34
29 49 1 83
1 59 94 24

89 60 5 25
11 55 89 30
7 46 35 52
95 57 21 74

84 63 19 16
38 24 25 17
59 23 61 9
45 75 44 37

44 22 84 69
15 55 20 90
65 18 33 18
57 85 0 11

41 30 61 65
73 8 1 20
22 93 61 95
18 83 53 33

34 99 84 59
37 88 26 98
66 33 81 45
32 51 12 3

76 81 79 80
54 2 28 2
63 99 94 56
15 95 25 55

55 10 16 87
57 15 70 28
56 77 61 36
28 12 79 67

8 38 52 47
19 38 13 35
48 61 16 41
15 62 66 73

26 43 79 89
60 40 71 36
92 75 95 44
41 11 72 93

25 42 8 49
50 76 55 76
16 93 13 84
88 44 59 50

81 97 39 54
32 27 0 38
97 48 92 54
18 0 37 4

78 90 20 28
89 49 77 46
65 14 95 2
90 5 37 65

60 48 90 71
21 56 26 1
95 66 72 93
42 87 43 67

19 17 87 75
58 89 56 1
14 3 18 14
89 41 18 0

56 92 53 11
12 17 81 64
57 91 35 5
48 9 8 2

79 68 41 20
94 3 9 44
31 14 95 17
32 11 44 54

66 54 85 59
59 30 69 41
86 17 45 72
50 41 0 100

84 79 51 48
39 42 55 40
21 4 32 56
47 73 10 39

45 9 28 25
59 60 7 59
88 82 88 51
23 74 65 92

14 14 18 10
1 94 49 97
48 63 2 27
11 21 81 26

20 11 74 99
84 98 10 88
13 74 21 92
64 23 52 84

9 64 79 1
1 54 92 97
51 46 41 15
68 83 88 0

72 78 90 57
11 72 2 78
68 5 26 100
87 37 6 56

1 32 75 4
52 94 45 2
76 55 37 77
10 68 22 69

3 96 25 7
5 65 87 73
79 93 89 55
91 49 64 82

37 18 5 96
29 99 64 28
80 86 30 41
28 29 1 7

42 42 43 27
92 65 83 14
69 35 79 6
44 60 95 77

26 62 80 49
67 47 0 11
82 60 45 3
56 49 63 0

79 73 33 18
80 70 2 26
13 61 85 79
43 0 74 35

80 53 49 3
97 33 96 79
9 35 40 98
17 4 57 17

24 54 76 17
76 55 75 65
59 57 63 32
67 86 100 29

85 14 47 78
49 8 9 5
13 0 1 80
34 40 34 32

38 54 11 31
61 20 98 51
13 15 32 97
15 44 63 97

9 62 39 38
46 36 86 94
28 70 12 71
55 23 68 65

75 29 4 100
57 37 89 51
99 30 61 22
0 90 24 28

95 97 94 91
94 87 43 98
36 44 1 51
68 61 6 18

24 80 71 9
28 57 73 64
83 32 57 72
60 5 23 19

96 64 58 57
54 73 4 89
74 82 45 84
41 76 91 45

47 50 60 76
33 22 69 13
3 53 70 36
41 6 59 55

23 52 61 49
56 40 9 3
93 33 90 90
13 39 43 62

31 14 41 34
29 76 57 56
35 11 67 12
61 52 73 80

29 49 14 53
9 46 86 82
88 90 96 18
45 62 100 25

61 36 32 76
29 74 37 33
84 64 85 18
66 34 49 77

94 99 59 54
63 67 36 6
12 54 22 85
43 0 32 94

70 77 34 68
37 12 66 65
0 25 60 46
30 49 16 71

3 50 13 69
12 53 80 92
19 82 96 31
90 34 77 35

73 32 34 79
100 19 20 1
72 58 88 2
27 48 65 38

4 40 88 16
94 75 86 35
31 41 23 91
34 96 78 81

13 93 51 74
72 29 2 50
88 56 18 28
44 62 6 65

37 17 14 89
60 67 3 38
2 12 77 85
35 76 6 44

34 76 36 67
52 26 41 58
53 0 54 10
76 28 70 75

34 40 91 60
40 18 69 8
82 53 68 53
52 47 62 79

37 0 95 6
15 100 61 1
70 52 87 18
45 55 98 4

81 82 97 77
22 87 24 49
67 85 16 76
12 85 1 91

59 14 66 26
23 38 35 86
11 99 26 68
90 12 32 55

15 4 84 93
71 26 29 38
91 70 5 89
49 20 56 76

12 20 0 18
70 44 37 75
88 68 75 66
64 39 47 84

14 46 41 28
85 93 62 24
50 4 60 70
56 28 55 60

73 76 48 53
61 32 35 73
59 1 64 87
3 92 99 43

95 9 46 14
87 98 14 58
77 84 86 36
28 10 50 60

24 33 36 25
52 86 2 76
45 48 11 42
85 22 35 27

57 75 17 53
22 89 45 96
28 87 47 87
41 23 52 28

91 4 99 32
78 10 75 13
34 6 37 20
86 97 83 65

28 50 23 90
6 46 42 17
64 50 78 35
11 74 34 86

48 66 16 0
37 35 28 93
78 56 57 31
62 53 78 36

41 41 8 35
12 52 96 29
87 19 40 31
76 13 23 65

17 99 14 0
3 29 10 53
33 89 56 61
22 61 56 66

19 80 67 49
66 29 24 22
48 69 93 99
44 47 67 60

72 44 5 0
77 35 34 81
55 65 45 28
55 72 88 93

11 37 41 7
79 97 90 59
71 73 40 48
11 65 79 90

46 49 66 65
26 47 38 63
27 96 25 29
50 73 70 7

58 82 23 68
3 17 68 48
5 72 63 75
48 12 24 62

57 94 56 2
7 86 18 79
52 72 70 21
51 16 65 42

33 49 68 76
10 37 24 52
64 49 42 3
63 9 10 48

85 16 17 85
0 57 74 9
57 81 90 26
33 79 94 87

33 14 35 100
49 93 4 94
19 59 11 15
22 20 76 98

94 97 50 9
22 25 6 75
49 35 29 57
9 12 28 95

19 6 23 5
24 27 94 4
82 96 42 76
63 73 82 88

47 20 45 91
20 72 19 96
48 36 74 4
9 27 16 95

60 65 67 37
67 59 8 2
21 17 49 20
55 23 69 92

63 81 33 62
23 65 82 88
40 39 64 42
95 24 46 55

5 39 25 74
37 98 17 70
67 20 94 52
88 75 92 92

45 34 73 3
84 85 85 83
47 39 97 34
53 94 76 97

91 19 90 25
38 19 35 25
0 61 53 37
52 73 11 31

0 58 94 39
7 5 21 92
57 98 3 90
22 2 75 97

51 73 6 99
29 55 34 18
91 95 17 1
21 5 73 44

36 15 66 0
19 27 46 55
93 67 93 97
2 64 69 33

79 24 58 38
63 92 54 78
41 3 96 17
100 43 14 33

56 73 28 48
39 7 97 36
7 44 48 24
45 80 1 52

41 88 87 87
2 48 64 94
39 86 91 24
27 96 56 10

50 32 12 48
10 1 91 19
11 72 46 60
31 56 20 27

56 31 15 0
76 11 23 71
3 2 13 0
52 44 23 44

50 67 59 78
12 91 83 43
91 42 39 55
80 38 93 66

24 100 44 48
82 33 84 72
5 67 72 79
22 43 58 38

68 13 11 65
27 62 16 84
64 27 51 97
99 92 90 84

16 21 22 83
91 11 56 61
94 12 50 45
28 51 95 41

28 21 40 31
63 72 69 20
97 35 97 32
56 18 15 49

33 39 31 82
29 39 77 25
88 75 63 73
89 44 73 13

67 25 29 30
93 30 68 20
48 12 94 96
85 56 68 75

28 39 41 31
64 26 69 53
18 88 31 15
53 56 39 41

21 5 11 16
98 5 29 94
15 42 60 12
43 82 34 0

11 54 24 26
99 23 83 2
62 60 31 49
36 52 45 74

52 40 8 28
30 10 35 30
19 1 98 11
78 88 40 83

40 84 100 46
48 15 4 84
3 78 26 63
54 43 28 27

21 32 82 23
73 42 34 68
1 37 90 57
79 86 9 93

51 47 68 57
91 28 94 89
96 85 89 83
81 96 24 91

55 51 61 22
44 6 51 82
50 36 28 7
32 20 83 63

76 35 4 27
23 23 11 19
80 95 60 9
24 5 45 26

11 77 100 99
21 70 19 49
61 76 58 77
9 31 94 74

45 71 48 0
90 41 30 14
77 14 29 24
24 89 16 26

35 21 36 31
33 25 89 98
31 57 53 87
70 24 86 59

11 50 96 39
23 17 15 2
70 20 46 99
100 31 7 83

63 84 8 98
59 59 100 19
13 6 34 49
73 18 91 54

41 9 82 35
98 96 14 47
70 95 83 88
71 100 11 48

89 77 21 29
56 56 50 75
18 27 45 70
76 38 60 30

11 98 49 4
27 41 26 94
84 96 21 60
97 19 36 38

62 41 35 20
78 5 87 44
72 60 90 45
44 60 69 21

16 54 97 4
3 34 28 88
36 91 17 31
22 5 82 57

67 43 85 79
27 84 27 37
68 35 61 99
50 97 40 5

83 28 26 77
20 90 57 97
30 92 44 68
6 54 56 94

43 70 27 16
73 88 21 12
34 72 95 21
89 65 71 45

40 23 13 32
96 32 98 87
12 36 9 10
21 21 55 19

4 9 7 5
90 28 16 31
11 90 74 9
44 48 43 6

31 79 24 42
18 40 28 43
27 96 27 43
32 12 13 46

8 77 95 21
58 67 5 90
59 78 53 47
87 26 43 36

30 100 72 98
91 48 35 49
71 22 17 34
52 78 92 98

57 72 84 62
24 24 37 11
32 29 9 42
86 9 36 17

2 71 63 24
63 0 25 15
47 19 9 23
66 93 6 89

41 5 95 69
99 42 27 63
82 96 42 46
84 34 92 80

3 66 15 27
29 82 33 31
42 66 84 8
56 82 19 4

64 91 18 98
28 59 53 29
10 95 56 87
9 64 39 86

10 86 90 3
79 17 5 27
42 97 1 90
48 47 20 36

22 80 0 46
88 15 2 51
59 58 1 4
5 84 99 80

36 31 13 57
82 42 99 39
5 80 1 50
42 47 21 13

73 31 97 77
37 35 27 53
53 6 21 78
6 50 8 49

45 2 19 85
62 79 64 96
18 35 76 35
42 32 26 32

41 67 8 35
21 65 63 76
34 8 82 63
4 41 73 19

33 10 30 73
45 57 48 93
66 56 36 53
5 10 89 89

4 19 78 48
37 58 42 38
22 60 66 27
100 67 89 64

72 79 82 0
67 42 14 76
79 56 14 55
79 53 99 85

97 35 12 17
57 31 44 39
90 27 20 31
22 92 81 37

26 73 97 9
18 61 70 95
57 59 0 91
22 58 28 54

23 21 2 7
20 53 40 86
48 90 19 65
39 64 95 99

36 22 12 22
14 63 24 56
99 34 54 75
29 51 21 46

89 39 11 45
43 21 61 10
94 21 17 99
82 90 9 50

81 56 12 16
42 19 42 17
95 84 26 83
72 5 46 36

47 39 66 10
96 94 86 69
91 66 94 21
22 73 89 32

89 1 77 5
72 98 32 38
76 63 11 74
70 29 14 49

37 77 80 57
83 0 5 66
33 62 79 26
27 30 11 54

83 58 83 44
18 18 3 75
60 84 51 67
24 12 65 73

59 66 96 84
2 38 82 99
2 8 74 91
27 46 22 63

62 89 88 72
77 23 64 79
97 56 50 49
62 65 76 94

43 27 92 82
65 33 84 21
66 25 77 57
7 54 35 7

76 29 85 12
57 30 58 62
5 38 69 31
34 13 93 44

70 95 51 5
22 68 0 6
8 80 99 6
48 35 89 27

100 53 99 73
47 59 31 66
59 27 22 36
91 90 77 93

42 55 87 30
93 96 63 2
86 68 15 4
24 13 92 89

81 78 19 46
78 69 9 37
92 76 49 95
75 5 69 31

84 87 64 1
60 77 9 24
0 87 41 46
85 76 6 16

88 26 70 0
84 23 10 76
96 47 14 96
16 8 96 62

60 44 55 8
9 18 51 67
9 74 28 64
44 33 61 95

90 37 41 51
71 38 85 66
80 7 52 33
58 37 42 75

99 45 85 93
2 67 82 59
66 3 53 51
75 74 83 65

38 57 13 87
43 4 53 28
23 22 36 69
64 72 29 26

58 71 77 44
11 45 12 59
79 19 47 70
44 16 57 2

6 30 99 57
72 15 45 83
15 99 67 46
38 34 62 94

67 84 66 63
89 69 11 31
70 88 37 16
44 61 94 78

9 3 25 35
12 64 42 25
51 81 86 52
89 20 86 26

32 19 95 29
62 54 21 66
13 49 34 57
86 63 4 12

5 35 62 61
65 35 86 92
46 33 10 41
94 87 44 9

54 94 98 24
35 24 23 20
55 46 54 34
93 31 43 81

54 36 85 33
49 21 80 16
24 71 15 85
80 57 96 56

32 84 65 14
55 11 40 7
89 87 50 5
41 21 96 33

19 79 92 78
25 8 89 28
74 21 84 91
76 9 56 44

42 40 93 41
63 69 70 26
90 96 87 98
11 2 48 12

100 30 60 60
6 38 3 76
89 45 17 84
52 47 47 17

23 25 1 37
92 9 47 87
79 54 19 47
95 63 87 23

100 32 77 54
57 19 82 10
59 63 96 11
91 90 89 74

7 33 60 33
66 81 73 40
95 94 50 86
52 98 40 47

13 71 41 29
35 70 71 13
80 72 26 84
20 40 54 40

99 48 92 52
22 8 64 1
98 64 14 79
59 26 39 67

88 87 68 91
38 77 69 20
75 9 21 3
76 12 34 98

30 73 19 9
88 85 98 13
85 0 97 90
30 57 23 45

94 89 95 22
57 41 20 16
92 69 29 86
32 81 93 83

23 44 43 51
85 57 28 98
29 87 18 72
42 1 54 57

12 68 76 83
8 24 43 29
44 20 74 16
39 78 59 84

29 72 41 89
27 5 63 77
11 56 5 21
51 34 37 96

81 42 92 94
58 82 28 40
47 79 1 48
81 77 22 84

64 11 84 52
4 25 18 45
36 0 24 79
13 52 27 0

2 39 40 0
13 19 51 6
27 29 0 73
85 91 22 49

33 62 14 83
45 1 25 54
43 88 84 3
45 8 49 8

44 58 10 26
31 36 27 4
65 84 71 100
32 3 1 13

80 61 37 46
37 43 1 7
35 60 66 77
98 91 3 88

21 33 4 49
54 84 96 23
89 11 97 65
20 67 13 96

56 86 8 48
26 20 10 59
78 61 43 48
44 89 88 21

73 80 54 14
99 2 91 90
60 43 3 49
59 31 37 13

72 13 89 52
15 45 65 65
3 86 19 84
95 89 47 7

13 20 82 35
91 87 65 8
89 32 2 83
17 7 3 22

26 54 58 0
96 61 14 88
42 79 74 81
81 82 55 21

77 67 85 56
45 35 85 61
45 8 16 24
55 97 13 5

94 17 53 3
90 20 90 84
74 2 4 92
92 40 3 15

55 57 8 47
32 27 70 32
4 74 61 6
84 44 81 69

60 4 51 67
58 66 1 65
25 9 39 1
32 94 19 78

19 47 81 23
87 92 19 18
69 53 85 62
43 39 52 43

44 92 99 21
54 97 82 65
6 90 43 17
87 92 8 25

68 34 57 69
69 45 62 55
79 78 97 99
59 30 18 39

18 98 100 85
95 47 20 83
52 28 71 73
44 75 34 60

29 39 58 32
59 10 82 21
94 80 77 64
41 40 4 70

52 9 5 42
10 33 39 35
77 1 10 77
98 2 0 68

55 47 59 57
74 20 71 83
63 80 64 98
47 43 19 41

49 63 97 63
28 46 77 18
2 69 57 56
53 12 53 67

100 41 64 55
24 84 2 8
38 6 52 68
29 31 100 71

66 75 10 55
4 49 74 7
18 8 32 79
25 29 72 98

92 5 31 22
66 57 71 71
67 30 81 21
71 83 6 62

2 95 45 34
53 35 22 43
77 94 20 40
51 38 85 65

66 35 83 74
10 2 99 48
96 12 36 21
84 31 11 28

17 44 21 79
65 21 96 39
92 22 10 64
58 51 97 50

9 31 34 19
95 88 39 35
42 72 91 87
1 59 52 21

42 16 58 30
82 60 92 10
76 63 19 27
8 96 88 95

91 15 99 42
19 45 32 26
8 53 17 50
32 32 20 31

44 83 53 17
26 49 25 44
14 77 25 24
31 83 83 52

57 72 50 20
84 6 51 77
63 64 77 90
11 69 98 99

42 45 92 95
31 85 49 95
48 82 67 74
30 14 48 91

87 97 31 83
100 62 69 69
31 40 25 97
57 62 2 29

72 14 39 99
38 73 45 14
41 31 78 13
92 45 59 12

35 69 7 28
95 3 42 51
84 53 43 27
62 56 5 13

40 18 30 38
78 81 72 88
10 27 44 46
50 91 10 14

100 71 41 66
72 22 42 8
67 69 91 94
41 30 68 59

33 75 58 79
6 6 91 79
88 65 9 98
11 32 75 77

37 96 65 51
58 22 40 6
48 58 14 87
99 29 35 22

62 77 15 10
36 50 38 42
9 82 92 85
57 57 75 37

72 3 13 27
23 38 4 44
13 37 47 85
94 54 76 41

62 28 18 100
40 36 85 26
12 65 16 76
26 82 37 74

52 38 8 34
63 33 41 17
26 97 45 20
14 64 80 0

11 15 51 92
97 93 67 64
6 80 41 35
42 92 69 51

93 100 33 49
69 92 49 24
4 26 70 87
2 97 9 47

67 80 48 65
24 97 66 56
88 8 59 0
43 31 63 42

37 88 30 74
21 48 71 74
66 43 3 77
14 44 3 23

31 78 0 96
62 65 24 47
15 53 7 92
53 9 46 90

52 25 46 21
40 45 36 92
37 94 38 22
82 8 84 31

65 79 13 81
96 75 75 14
57 18 26 81
17 89 1 85

52 52 67 9
49 87 0 93
19 61 79 43
78 15 0 11

40 23 61 59
72 8 71 43
99 54 83 36
59 30 38 42

56 30 32 36
24 80 13 43
74 86 40 6
42 36 28 98

67 86 38 84
24 47 14 15
74 3 84 7
88 33 18 90

44 52 17 40
83 86 42 89
31 74 10 48
61 52 42 24

65 66 63 58
9 52 1 53
1 17 22 60
11 21 60 53

6 31 90 28
99 70 49 73
14 24 87 90
31 78 46 97

29 100 15 77
100 40 7 25
46 13 60 72
26 37 36 45

94 100 39 34
14 33 67 14
15 94 73 62
54 2 68 63

25 58 18 63
60 15 46 57
80 44 79 43
97 4 98 1

14 100 17 73
69 28 10 82
25 30 24 74
2 68 82 74

16 13 18 64
56 42 36 92
44 73 98 60
21 100 89 54

61 69 24 36
40 68 32 55
66 10 62 6
57 22 67 89

74 17 74 37
7 28 48 14
78 81 67 33
62 23 4 63

23 9 80 24
38 5 62 61
3 56 30 53
35 36 25 95

34 53 17 57
17 41 29 72
47 85 59 5
42 94 14 50

62 41 45 82
68 2 68 34
51 24 64 22
7 60 63 71

88 62 5 60
28 3 63 60
27 56 61 97
61 10 26 46

38 7 61 71
68 45 23 45
14 2 95 52
15 56 41 63

1 93 25 1
26 6 54 90
98 41 88 5
94 4 37 57

73 3 73 64
55 69 4 61
24 58 4 4
19 14 62 25

97 13 22 33
21 0 98 70
65 77 26 73
84 59 42 7

80 72 80 19
100 79 77 93
55 40 20 75
37 70 33 81

29 24 8 97
48 19 36 88
57 19 36 4
55 65 2 98

70 34 54 27
47 95 43 4
95 93 20 95
44 24 63 41

84 62 99 55
30 55 71 4
45 21 42 40
7 49 80 41

37 35 41 86
97 61 61 9
78 30 29 49
72 8 31 96

41 70 32 36
1 86 19 39
83 55 53 16
37 52 14 92

43 76 37 63
13 81 86 9
25 64 60 65
38 94 92 76

24 82 86 57
48 100 24 87
32 77 2 27
59 11 26 4

5 91 73 64
96 17 11 51
7 52 30 46
75 58 70 22

86 66 29 84
23 47 3 12
60 82 71 14
48 39 56 57

13 71 33 70
58 43 42 44
81 93 6 7
49 62 27 65

62 0 54 33
7 71 20 97
60 37 60 49
53 54 37 23

18 87 52 70
41 100 6 19
26 39 82 28
34 24 87 71

48 97 71 64
30 51 50 87
53 10 28 51
88 4 83 30

50 14 17 19
70 38 91 21
5 37 12 57
99 43 82 81

5 16 94 51
41 51 92 23
95 99 94 59
77 40 23 52

72 13 46 35
67 57 50 13
9 62 7 52
74 12 62 16

99 54 43 5
92 69 37 2
74 53 94 74
34 4 31 32

68 76 56 82
49 91 11 98
2 43 83 4
43 38 9 53

52 94 10 33
51 86 80 46
36 60 55 40
78 20 25 98

8 38 19 1
0 37 11 47
43 74 33 50
82 22 85 67

74 80 91 72
89 89 7 96
60 96 34 28
43 44 1 97

12 3 87 0
23 35 99 83
61 75 29 10
65 20 26 37

22 99 39 66
91 4 63 62
32 20 85 84
47 83 0 12

55 76 76 60
27 4 99 84
85 12 95 26
62 50 22 29

49 74 73 80
64 88 16 11
64 21 15 2
35 54 83 38

8 0 3 99
93 54 67 18
82 45 81 39
58 35 21 1

42 79 69 41
60 59 44 55
69 59 77 84
74 27 55 80

5 9 66 91
51 6 50 78
69 3 1 50
28 20 33 20

16 14 51 46
82 32 45 37
33 92 36 36
44 97 28 19

99 57 20 2
3 44 7 45
86 56 45 48
53 22 62 75

17 39 69 17
3 79 96 77
20 3 36 59
1 79 64 65

74 17 50 29
62 51 88 82
15 41 37 45
52 67 76 81

74 6 92 87
77 65 83 71
69 14 2 90
18 98 92 99

29 30 11 70
58 85 63 91
44 89 10 48
56 63 91 37

100 89 16 62
1 13 48 33
30 88 31 15
49 17 10 59

52 69 3 9
68 90 90 36
67 25 80 94
10 60 78 96

50 7 21 21
42 88 16 41
84 87 76 73
37 77 29 63

42 3 25 3
1 82 50 45
86 24 7 76
81 15 83 49

25 15 43 40
96 5 85 37
59 44 88 41
52 38 88 22

38 64 40 12
64 60 28 87
57 5 3 54
21 5 74 7

13 45 92 61
93 28 32 97
30 73 21 7
20 31 18 19

7 78 87 1
8 73 25 63
56 9 60 91
97 91 82 21

95 93 64 25
59 73 26 16
19 81 40 35
79 25 21 9

14 11 71 25
85 70 27 63
68 33 82 72
68 84 62 46

57 50 70 63
15 63 35 90
84 27 70 94
41 91 74 58

9 6 42 80
52 88 60 96
1 76 38 31
13 19 60 36

1 28 97 61
77 97 2 85
31 85 31 39
52 19 40 75

59 60 57 0
54 4 27 68
81 26 13 34
12 49 26 86

96 6 62 31
20 25 6 47
84 12 14 46
5 99 7 88

49 41 17 43
50 90 62 78
10 78 35 46
48 78 48 14

17 46 52 9
51 17 19 96
40 68 38 79
40 30 98 76

69 57 61 4
79 12 36 11
46 98 50 5
23 83 85 12

90 77 43 78
57 3 70 100
95 42 53 23
38 31 63 29

26 46 77 42
52 5 17 59
21 93 94 15
81 75 75 64

21 58 77 14
48 34 32 35
40 72 37 79
35 75 59 27

80 56 0 56
84 39 9 56
72 2 100 81
2 36 0 26

28 47 61 94
40 13 15 25
26 39 35 93
44 46 92 52

72 5 15 69
19 89 37 52
12 34 36 48
3 54 99 71

58 4 29 19
59 64 41 15
75 11 46 14
61 22 37 74

21 51 7 89
27 8 80 71
10 93 99 88
90 47 49 46

0 2 7 67
45 19 88 80
23 74 20 63
4 53 94 93

54 59 98 36
86 64 49 51
17 13 37 77
85 58 85 4

61 80 39 10
49 0 100 18
49 42 100 60
49 45 53 66

40 55 76 47
14 21 87 24
53 96 18 6
11 1 69 74

2 19 3 19
98 69 79 15
40 3 42 27
72 32 45 37

65 23 52 75
86 51 47 68
14 42 7 89
29 85 31 57

87 19 48 77
34 45 97 16
3 95 43 78
0 73 54 65

59 96 69 89
51 27 36 56
95 1 52 23
49 20 89 97

84 61 21 21
64 4 74 3
89 17 26 31
79 51 62 83

37 89 17 90
36 52 4 30
20 97 59 62
44 97 80 74

51 58 3 67
67 94 67 44
53 51 64 81
20 69 58 28

53 25 78 65
77 63 18 48
25 92 29 96
9 14 60 15

57 53 7 41
60 82 11 19
32 5 77 82
75 30 82 18

2 8 51 81
71 52 21 1
44 57 94 13
3 18 100 79

92 92 5 72
17 5 89 50
63 3 49 37
23 51 87 20

53 89 54 6
99 21 11 96
32 6 94 34
51 4 21 29

100 24 20 66
26 95 41 68
44 50 58 37
5 86 88 13

76 13 34 75
3 20 25 6
96 34 90 29
31 94 5 76

2 14 60 20
2 60 2 14
25 90 51 8
63 63 21 83

41 62 74 90
46 80 37 92
78 2 81 32
40 81 51 20

39 31 92 33
62 90 12 92
43 16 33 31
60 53 80 19

89 12 73 57
45 48 50 54
47 30 3 19
28 91 83 44

100 23 4 6
19 82 7 50
15 9 63 48
27 22 55 51

22 56 23 65
51 20 2 17
3 34 73 35
61 63 84 83

63 3 1 75
10 81 48 56
99 8 72 84
70 29 3 75

43 16 76 28
42 63 18 97
38 95 74 91
69 25 3 10

91 69 5 77
64 13 72 61
29 71 91 39
26 80 13 65

75 95 95 46
15 23 60 10
96 76 14 33
16 87 53 96

28 38 91 94
63 17 76 66
38 80 18 7
46 75 89 2

12 9 33 88
42 63 24 15
0 86 73 48
0 88 19 54

65 16 49 75
21 6 58 62
14 40 80 96
22 45 27 99

19 73 76 74
0 73 92 47
65 7 18 13
41 84 24 17

64 14 4 58
62 19 50 23
88 26 34 27
15 14 12 4

43 13 60 36
52 25 60 70
51 80 4 69
63 75 100 95

75 74 50 85
24 63 33 100
98 84 5 31
13 78 46 2

18 87 62 83
21 64 2 74
60 45 16 94
9 92 79 74

42 41 93 81
30 46 39 15
82 59 96 19
34 49 16 37

44 94 17 14
35 71 92 5
79 50 98 82
31 85 5 96

52 5 98 46
84 35 7 97
1 91 39 10
44 34 28 16

92 10 56 78
85 91 42 72
88 98 9 24
72 40 54 5

83 15 46 85
30 92 74 63
19 60 61 78
83 37 49 30

0 51 21 78
77 23 39 24
94 77 75 71
79 32 7 47

39 34 55 35
38 3 100 6
56 30 35 74
31 73 50 54

61 44 73 70
18 63 9 49
61 52 64 13
33 53 18 32

55 51 95 95
69 29 11 49
56 77 53 16
79 75 99 54

67 8 15 54
59 25 20 13
8 27 22 4
13 60 85 28

71 41 23 2
39 9 89 26
2 79 81 53
25 0 28 26

67 53 56 3
60 70 57 35
67 40 17 43
58 12 58 94

63 37 39 27
64 5 12 83
36 69 24 63
97 36 1 80

41 3 50 0
74 22 97 41
70 17 80 91
44 38 83 45

98 66 84 52
41 69 15 42
90 1 63 1
34 95 80 33

95 60 22 96
63 34 35 84
47 44 71 56
2 58 69 37

53 45 73 3
67 38 3 54
21 84 0 46
78 40 73 59

37 46 2 64
89 60 42 96
58 81 9 19
62 39 18 50

19 66 30 8
83 45 28 89
0 34 92 56
22 89 88 8

87 74 31 64
85 88 69 66
14 9 22 87
76 87 24 74

7 97 54 95
68 84 18 95
23 52 35 16
44 96 94 74

10 86 94 23
34 76 1 98
14 33 45 34
53 88 16 75

73 16 3 68
72 47 11 45
92 51 20 87
24 85 48 82

72 48 25 38
19 51 22 73
48 70 67 30
17 90 38 27

19 11 35 85
20 92 4 67
98 67 0 10
3 85 91 55

12 40 79 88
69 72 86 33
51 54 78 86
72 28 93 66

51 53 7 97
11 73 6 48
48 21 57 13
0 71 58 79

37 23 23 25
77 34 76 76
18 91 1 97
0 65 33 14

7 3 28 74
35 37 0 91
89 65 52 38
18 34 1 57

72 85 96 40
7 26 74 60
62 73 53 82
77 31 56 81

18 98 96 56
26 91 94 24
73 74 95 86
41 36 87 95

92 17 100 60
100 33 58 81
8 1 92 41
86 54 30 7

84 62 22 98
68 1 72 29
75 62 4 15
43 99 36 28

57 11 84 4
55 17 28 38
61 13 67 6
74 98 19 57

97 87 8 74
87 45 26 60
78 11 57 46
39 93 2 42

34 93 44 26
11 36 8 69
88 87 96 45
93 33 12 17

75 34 62 19
8 27 4 77
98 94 88 90
94 86 2 98

42 59 8 0
43 3 61 25
55 12 78 88
67 23 7 71

92 68 10 53
93 91 13 74
94 77 15 6
100 73 95 24

52 11 85 60
38 82 21 11
23 41 75 67
61 56 62 38

65 80 58 42
5 83 91 75
86 3 8 40
60 84 87 21

55 54 75 80
9 4 25 7
44 83 7 94
84 61 97 88

46 8 72 53
68 29 11 1
10 79 42 88
98 80 77 80

33 63 37 55
32 21 98 89
68 56 36 90
65 97 47 21

69 44 78 29
56 59 52 5
3 100 17 33
77 43 42 65

72 66 99 45
26 75 84 69
71 15 71 48
93 31 83 29

86 44 75 31
88 58 24 69
5 100 13 47
96 69 52 82

52 77 49 54
66 9 5 27
48 93 45 36
99 52 23 39

42 96 16 8
15 60 38 66
80 52 63 24
32 58 86 26

52 32 86 56
24 85 96 23
82 38 20 81
6 6 92 27

59 57 87 74
57 35 67 6
97 42 16 18
72 29 99 4

60 37 4 79
8 87 63 11
46 85 71 77
61 95 19 35

11 47 69 35
42 30 85 56
6 2 61 6
39 43 71 71

26 34 36 67
48 68 62 25
89 76 3 7
94 12 44 77

31 79 100 71
46 36 43 46
47 89 11 63
13 3 63 36

41 6 46 83
55 40 2 39
44 52 86 64
29 65 97 55

21 61 42 94
33 88 31 45
22 30 53 85
92 73 97 5

49 72 36 96
69 69 19 4
16 14 69 99
73 29 20 9

3 22 2 1
84 28 17 97
78 16 53 58
4 94 35 34

32 8 96 73
71 52 3 79
23 75 59 13
68 51 0 14

93 89 48 33
31 57 7 65
44 21 68 4
64 43 64 37

10 70 18 91
35 8 1 82
29 89 50 89
59 39 93 42

13 48 29 26
92 88 7 55
16 73 85 85
29 91 42 13

71 25 44 9
57 73 91 84
80 22 46 20
40 25 78 85

24 89 35 71
14 100 0 43
49 78 9 3
38 1 21 76

90 98 58 49
34 57 99 41
45 50 94 96
84 75 56 85

39 30 83 79
22 71 93 46
13 83 63 69
42 22 89 84

51 76 76 2
23 4 58 95
44 16 22 81
36 91 69 76

8 90 48 96
16 95 68 98
100 96 0 3
59 67 1 55

61 70 80 99
3 17 50 97
56 89 96 2
87 4 58 49

75 45 97 99
8 5 41 35
30 26 0 15
44 97 74 6

5 91 4 34
98 12 12 66
95 17 33 88
73 67 97 41

1 47 42 78
33 91 26 70
28 98 10 23
66 66 87 17

47 56 2 0
69 62 89 47
81 70 68 79
15 23 14 79

28 65 11 34
33 79 80 49
46 72 64 90
2 23 86 35

35 87 20 68
9 55 24 1
58 64 95 46
99 32 96 41

42 64 45 75
97 75 61 60
49 55 16 46
14 0 59 32

24 4 11 83
49 32 29 65
73 77 21 89
79 85 71 34

22 36 73 39
72 82 21 51
51 78 86 29
10 70 89 16

34 22 34 30
1 74 48 11
88 16 13 35
61 94 97 41

84 45 70 46
16 86 97 7
38 61 20 15
81 56 62 92

22 60 46 95
49 62 36 21
37 13 54 14
32 79 41 61

84 32 76 69
94 61 82 43
49 31 7 30
84 56 92 53

43 20 79 30
41 80 54 99
14 50 65 54
22 4 17 75

22 94 73 31
85 73 38 38
57 38 52 3
22 60 24 32

13 33 50 30
33 27 64 21
34 64 88 16
9 78 86 98

5 100 0 53
48 22 22 89
69 32 94 48
61 88 16 12

66 95 9 53
41 10 37 55
42 18 47 27
95 73 3 92

24 65 73 68
25 44 86 44
94 69 87 51
78 79 82 58

83 12 45 86
18 4 33 87
83 60 81 3
17 58 96 78

74 76 33 1
7 49 93 9
55 36 7 50
23 30 58 48

23 5 81 95
52 56 92 28
95 69 98 32
44 24 31 40

93 6 8 54
59 19 17 5
39 93 13 98
43 2 7 61

47 2 34 97
54 77 96 62
18 64 73 42
22 65 73 4

43 74 21 45
37 68 29 70
20 16 12 59
37 37 44 94

4 36 47 96
99 5 15 60
8 52 53 57
74 84 9 50

15 76 55 87
84 44 9 67
82 45 31 93
25 5 93 61

46 66 86 19
32 7 93 33
63 27 100 36
29 59 28 70

7 98 42 38
74 49 5 79
95 27 39 48
28 3 42 69

43 15 28 8
85 98 86 54
7 12 100 44
38 49 59 45

2 72 38 31
72 40 42 43
58 95 47 72
33 64 27 63

61 20 40 27
7 37 48 98
13 84 7 95
48 99 72 73

38 83 1 39
87 0 1 98
67 99 100 81
8 45 53 35

32 22 22 11
67 45 2 32
18 81 14 15
60 18 94 13

61 90 72 14
2 99 97 82
4 96 97 33
31 9 69 42

39 47 19 90
74 75 14 80
81 44 61 28
87 37 64 58

41 91 50 45
41 65 32 12
19 14 25 35
11 70 85 22

38 94 18 25
31 46 64 100
22 61 76 93
100 63 1 96

46 48 69 83
72 26 10 44
63 60 3 45
32 17 23 55

45 14 95 58
12 6 2 50
6 46 90 32
11 51 11 64

31 23 40 30
53 84 90 36
32 58 90 68
85 86 51 22

88 76 27 1
48 8 91 88
30 67 30 16
60 67 22 95

79 1 87 29
43 9 86 27
95 46 19 34
39 100 18 91

27 51 53 63
13 73 51 87
44 93 35 77
32 60 3 15

0 66 13 72
63 46 23 100
51 6 86 72
54 46 86 40

97 24 12 21
73 20 82 66
7 94 59 41
73 5 60 66

92 96 17 49
98 47 39 45
58 49 64 23
82 85 98 2

64 30 61 69
52 52 34 95
73 49 41 52
29 61 56 48

10 84 76 76
0 41 32 81
89 85 44 84
56 5 69 82

41 58 36 43
25 64 14 27
6 68 62 14
71 97 47 2

74 97 28 62
74 88 67 92
0 25 69 12
23 51 68 25

88 12 43 37
95 12 22 8
34 91 57 66
93 17 28 32

84 24 46 74
13 75 50 72
62 34 36 71
21 97 43 3

45 69 30 66
9 83 87 4
17 59 10 75
13 82 52 72

94 71 49 73
50 31 98 35
41 75 76 60
70 98 78 7

83 95 0 96
47 55 54 82
80 7 100 65
38 73 5 59

54 57 51 40
30 97 49 27
23 87 64 88
67 28 73 92

85 16 7 5
9 74 90 42
93 76 30 6
79 79 71 14

0 54 60 99
100 87 54 77
97 25 50 76
7 40 25 39

38 31 11 13
2 72 25 61
62 57 2 99
83 39 34 29

26 91 94 98
55 66 92 10
12 48 66 22
94 86 82 61

98 37 93 58
55 32 52 10
17 66 94 71
7 13 19 87

21 87 19 100
63 13 4 67
75 73 70 60
5 49 15 28

34 45 73 43
97 84 8 48
59 6 13 56
28 98 7 50

12 5 90 24
12 31 20 48
84 28 75 95
61 99 93 73

75 32 99 88
35 27 54 25
95 69 32 37
74 33 88 93

84 39 67 79
62 98 0 62
89 44 93 7
92 62 44 65

35 17 16 96
43 86 72 62
97 38 60 47
49 31 61 99

60 8 100 36
56 78 47 44
15 50 19 33
31 13 52 60

64 90 86 98
38 78 75 22
21 38 8 58
29 24 26 99

59 39 62 47
55 77 56 25
55 54 79 89
47 33 77 18

18 24 12 22
42 30 66 68
15 22 11 12
39 83 48 9

19 43 2 57
32 25 63 87
42 79 64 63
46 87 83 94

56 7 69 98
75 43 91 94
51 2 16 82
39 12 56 48

15 53 33 2
17 46 53 29
95 39 63 33
55 63 89 89

80 94 87 78
73 98 25 60
40 48 7 92
30 78 40 54

92 43 87 64
53 99 58 54
2 46 99 32
50 39 63 69

90 100 54 7
72 9 50 73
39 87 57 93
47 77 27 54

8 70 31 67
64 18 29 2
64 53 94 80
29 71 13 45

59 27 17 5
23 4 36 20
67 81 53 100
84 42 55 45

75 36 95 86
0 47 66 87
92 30 18 64
66 88 57 12

28 88 75 53
60 78 59 15
57 8 99 9
49 56 14 77

22 28 100 80
75 60 88 20
9 67 58 64
21 26 57 74

49 100 14 10
8 71 64 10
100 96 47 93
82 84 31 77

48 61 80 61
35 54 63 36
40 59 5 55
82 0 76 34

43 1 5 100
21 98 100 41
32 87 53 9
87 89 33 99

69 91 97 33
69 43 19 96
71 39 55 63
5 89 56 41

59 27 32 57
54 92 6 100
5 55 96 94
39 5 92 51

57 77 48 5
81 69 20 51
55 54 31 24
15 95 95 19

19 54 72 72
62 47 83 16
88 62 99 35
57 29 20 69

92 38 96 91
31 25 67 68
26 92 25 48
28 14 15 35

3 18 71 18
29 100 79 53
96 81 95 71
25 88 17 26

10 97 22 48
41 30 24 26
16 4 63 59
81 40 24 76

53 23 27 29
63 37 66 50
81 3 8 51
48 25 10 28

1 26 34 35
97 89 59 4
67 91 63 9
31 13 47 65

32 11 90 90
93 10 60 94
50 33 22 100
26 73 62 81

83 77 9 24
4 32 15 22
55 63 90 42
39 75 79 36

54 24 66 68
89 92 16 17
24 2 88 50
38 83 95 31

61 15 50 90
37 34 61 71
85 39 7 97
89 9 77 49

56 82 95 86
43 60 22 4
70 72 74 34
100 17 52 19

23 8 21 66
9 11 0 89
88 19 4 94
47 54 33 47

4 43 95 65
34 28 76 9
45 23 97 26
0 58 86 53

29 42 65 100
15 53 89 34
78 21 2 84
73 7 58 77

72 15 35 12
97 61 33 81
24 40 2 33
39 89 24 67

31 99 25 39
43 2 75 10
86 73 21 16
72 89 91 46

31 15 49 73
27 49 42 76
19 35 85 5
1 42 73 45

5 96 76 40
93 67 41 79
60 54 86 19
1 74 31 24

76 96 53 37
81 28 89 2
20 69 35 38
27 10 91 66

55 47 52 91
78 80 37 52
14 97 20 28
61 60 22 39

62 26 77 19
19 97 28 72
32 93 19 36
41 97 74 12

33 15 53 86
38 92 100 58
32 70 60 6
96 59 12 43

37 20 100 7
60 74 54 95
18 28 18 54
0 68 59 43

99 11 82 17
20 82 68 11
60 39 40 81
1 90 93 58

37 71 13 95
27 28 17 23
42 45 25 65
72 91 28 16

10 33 58 50
32 20 41 34
32 61 92 89
33 14 43 54

4 53 56 48
32 39 97 36
41 17 46 53
40 80 38 16

96 7 77 91
54 59 78 20
40 8 11 59
13 39 80 92

45 20 86 6
60 18 90 86
7 42 96 84
75 69 59 61

6 13 55 30
32 0 76 48
34 40 33 18
44 10 33 98

7 19 24 17
57 10 87 24
49 5 8 94
94 70 62 11

27 70 66 93
37 62 16 45
19 52 91 38
70 53 44 19

96 32 21 91
61 17 46 26
32 1 17 56
14 50 80 9

21 66 0 71
27 99 28 95
14 37 79 29
38 65 66 37

19 24 58 65
72 14 62 67
24 23 12 56
12 58 31 25

58 25 15 4
69 40 54 11
41 43 90 58
89 48 63 17

85 16 48 57
60 47 22 0
79 17 89 42
24 57 31 99

89 27 27 73
78 3 31 29
96 65 0 42
61 44 62 52

49 16 61 7
94 4 4 1
12 63 32 89
76 9 18 35

52 68 23 16
28 31 12 16
56 71 75 36
7 49 62 5

40 10 81 77
30 33 66 51
13 11 87 11
56 3 66 15

67 90 76 10
57 18 91 0
64 42 0 84
71 92 31 63

49 68 1 43
86 4 89 50
86 85 46 29
39 81 26 84

38 53 79 26
66 10 15 29
31 88 44 59
63 10 33 29

78 82 47 73
19 76 58 96
88 84 77 55
6 96 41 40

44 84 21 20
5 92 31 32
20 5 26 70
5 36 100 52

21 22 16 86
12 17 76 40
61 88 25 48
24 86 71 44

59 34 82 0
27 98 87 62
12 29 32 39
32 75 3 73

56 17 96 16
62 2 2 65
76 14 31 74
84 40 58 9

75 93 4 87
55 75 97 87
32 66 55 25
9 9 32 9

86 52 74 36
13 83 61 5
51 39 40 50
67 98 11 0

7 94 80 90
92 36 51 5
25 46 24 32
39 63 19 40

0 78 74 2
86 1 4 90
30 37 59 43
57 4 20 27

55 94 84 92
3 14 74 43
60 45 78 82
58 56 35 96

27 11 6 3
80 59 39 49
2 21 59 28
45 31 82 37

30 41 54 99
89 78 66 62
37 15 81 13
40 87 56 86

39 100 15 2
6 84 6 26
20 6 13 78
36 97 73 31

90 84 41 16
18 71 32 51
33 42 65 86
61 100 28 43

73 52 71 80
65 25 15 62
23 78 22 85
87 81 8 98

35 2 10 35
71 60 25 44
14 7 94 54
40 45 65 4

43 12 24 93
70 12 24 39
47 10 83 95
4 40 3 78

65 28 97 71
60 94 5 20
41 69 54 84
32 66 25 80

67 87 88 34
2 82 12 88
25 18 82 84
86 61 82 42

50 43 90 6
7 7 31 33
18 60 84 94
73 82 78 35

27 96 97 11
69 74 40 0
38 43 2 15
69 68 65 62

98 65 7 6
3 98 79 72
61 4 11 44
10 73 37 74

26 91 93 56
45 36 98 36
9 8 3 74
94 71 86 93

66 39 2 23
56 65 20 51
44 74 75 69
61 0 80 81

0 17 52 30
67 42 6 33
8 89 82 21
66 10 100 90

7 87 15 64
30 23 89 94
43 90 45 75
20 10 82 74

68 32 4 30
76 69 13 93
100 5 45 90
34 0 12 19

69 65 43 76
18 19 46 5
78 71 18 16
87 91 10 52

42 49 44 70
29 92 89 61
53 21 61 45
74 17 8 90

3 37 45 81
90 4 91 58
5 72 6 38
2 27 60 6

46 11 17 12
76 67 83 10
57 36 91 41
34 6 83 70

24 50 87 89
58 80 16 93
14 3 72 16
71 53 60 82

59 16 0 24
47 86 96 22
39 18 66 94
98 32 48 15

73 2 47 6
60 19 70 92
42 40 26 77
92 70 15 36

55 40 98 15
63 32 51 22
31 45 48 64
21 29 71 92

60 89 4 13
44 9 94 12
8 26 30 91
16 0 45 100

34 11 70 7
59 40 23 79
15 9 94 91
63 31 46 10

49 90 11 38
85 30 18 92
58 17 78 46
45 98 46 61

49 6 79 100
86 5 52 19
81 85 73 83
22 24 90 100

52 88 92 69
38 88 31 45
45 35 57 25
2 26 94 31

10 2 72 30
57 94 52 24
64 70 91 29
21 20 50 77

70 39 50 92
1 36 79 66
36 15 56 48
76 31 73 50

58 34 48 31
6 83 0 95
80 48 27 0
87 20 58 31

67 26 93 22
100 55 39 39
77 61 11 45
4 11 88 81

49 51 47 52
35 96 16 46
39 2 79 82
71 21 51 52

39 24 100 28
92 33 46 50
9 15 35 10
63 51 36 35

42 50 44 98
43 4 9 15
64 56 37 9
96 58 31 82

18 17 49 87
92 77 28 56
68 23 75 72
18 98 18 57

37 49 91 44
75 78 4 74
24 50 82 1
88 78 60 63

3 52 85 63
27 35 76 62
7 21 96 17
60 70 30 97

11 12 96 35
40 44 92 1
59 45 36 42
40 63 58 100

73 96 48 14
86 84 1 55
0 7 78 35
60 12 91 40

95 7 13 42
48 53 13 99
52 51 91 54
12 89 10 43

70 22 75 59
87 12 76 6
88 6 18 36
35 93 44 90

49 55 9 70
2 16 47 30
92 27 81 18
53 54 7 65

35 37 40 70
31 54 77 39
5 30 4 54
72 99 36 45

46 1 72 48
81 41 95 86
69 94 3 80
36 25 22 65

59 44 95 63
15 85 44 65
72 57 75 44
60 24 52 55

13 46 60 46
6 42 10 6
85 9 59 100
71 66 2 90

72 17 77 5
62 9 2 89
71 46 68 38
32 24 38 55

85 26 15 91
43 82 77 48
60 94 93 100
98 38 9 44

66 58 21 50
48 28 90 16
71 50 14 53
75 47 13 82

56 96 78 22
64 95 72 47
72 86 2 93
8 23 15 15

17 76 80 24
10 28 48 71
58 57 24 94
56 85 91 45

51 28 18 7
85 63 77 87
3 76 84 12
28 55 72 94

1 49 84 67
54 63 41 54
32 40 53 53
50 82 21 49

15 1 61 43
32 74 94 51
90 42 92 13
47 13 56 75

35 44 27 1
0 39 40 34
86 98 89 80
44 18 42 38

23 99 8 55
1 54 69 6
48 2 29 98
74 75 28 88

0 84 55 80
17 94 21 17
93 21 18 92
24 52 55 58

60 50 90 72
61 76 62 39
80 74 38 45
87 30 48 49

45 46 63 16
13 44 5 70
64 92 4 96
71 36 95 41

23 31 89 17
74 55 32 40
86 13 42 21
75 100 11 48

35 22 50 15
39 84 69 57
59 72 56 7
37 15 49 32

39 16 54 83
13 54 30 15
23 99 32 46
47 15 92 48

28 29 35 41
49 85 54 66
84 29 31 87
93 33 77 54

